1    1    40.000000    120.000000
1    2    60.000000    120.000000
1    3    80.000000    120.000000
1    4    100.000000    120.000000
1    5    120.000000    120.000000
1    6    140.000000    120.000000
1    7    160.000000    120.000000
1    8    180.000000    120.000000
1    9    200.000000    120.000000
1    10    220.000000    120.000000
1    11    240.000000    120.000000
1    12    260.000000    120.000000
1    13    280.000000    120.000000
1    14    300.000000    120.000000
1    15    320.000000    120.000000
1    16    340.000000    120.000000
1    17    360.000000    120.000000
1    18    380.000000    120.000000
1    19    400.000000    120.000000
1    20    420.000000    120.000000
1    21    440.000000    120.000000
1    22    460.000000    120.000000
1    23    480.000000    120.000000
1    24    500.000000    120.000000
1    25    520.000000    120.000000
1    26    540.000000    120.000000
1    27    560.000000    120.000000
1    28    580.000000    120.000000
1    29    600.000000    120.000000
1    30    620.000000    120.000000
1    31    640.000000    120.000000
1    32    660.000000    120.000000
1    33    680.000000    120.000000
1    34    700.000000    120.000000
1    35    720.000000    120.000000
1    36    740.000000    120.000000
1    37    760.000000    120.000000
1    38    780.000000    120.000000
1    39    800.000000    120.000000
1    40    820.000000    120.000000
1    41    840.000000    120.000000
1    42    860.000000    120.000000
1    43    880.000000    120.000000
1    44    900.000000    120.000000
1    45    920.000000    120.000000
1    46    940.000000    120.000000
1    47    960.000000    120.000000
1    48    980.000000    120.000000
1    49    1000.000000    120.000000
1    50    1020.000000    120.000000
1    51    1040.000000    120.000000
2    1    40.000000    120.000000
2    2    60.000000    120.000000
2    3    80.000000    120.000000
2    4    100.000000    120.000000
2    5    120.000000    120.000000
2    6    140.000000    120.000000
2    7    160.000000    120.000000
2    8    180.000000    120.000000
2    9    200.000000    120.000000
2    10    220.000000    120.000000
2    11    240.000000    120.000000
2    12    260.000000    120.000000
2    13    280.000000    120.000000
2    14    300.000000    120.000000
2    15    320.000000    120.000000
2    16    340.000000    120.000000
2    17    360.000000    120.000000
2    18    380.000000    120.000000
2    19    400.000000    120.000000
2    20    420.000000    120.000000
2    21    440.000000    120.000000
2    22    460.000000    120.000000
2    23    480.000000    120.000000
2    24    500.000000    120.000000
2    25    520.000000    120.000000
2    26    540.000000    120.000000
2    27    560.000000    120.000000
2    28    580.000000    120.000000
2    29    600.000000    120.000000
2    30    620.000000    120.000000
2    31    640.000000    120.000000
2    32    660.000000    120.000000
2    33    680.000000    120.000000
2    34    700.000000    120.000000
2    35    720.000000    120.000000
2    36    740.000000    120.000000
2    37    760.000000    120.000000
2    38    780.000000    120.000000
2    39    800.000000    120.000000
2    40    820.000000    120.000000
2    41    840.000000    120.000000
2    42    860.000000    120.000000
2    43    880.000000    120.000000
2    44    900.000000    120.000000
2    45    920.000000    120.000000
2    46    940.000000    120.000000
2    47    960.000000    120.000000
2    48    980.000000    120.000000
2    49    1000.000000    120.000000
2    50    1020.000000    120.000000
2    51    1040.000000    120.000000
3    1    40.000000    120.000000
3    2    60.000000    120.000000
3    3    80.000000    120.000000
3    4    100.000000    120.000000
3    5    120.000000    120.000000
3    6    140.000000    120.000000
3    7    160.000000    120.000000
3    8    180.000000    120.000000
3    9    200.000000    120.000000
3    10    220.000000    120.000000
3    11    240.000000    120.000000
3    12    260.000000    120.000000
3    13    280.000000    120.000000
3    14    300.000000    120.000000
3    15    320.000000    120.000000
3    16    340.000000    120.000000
3    17    360.000000    120.000000
3    18    380.000000    120.000000
3    19    400.000000    120.000000
3    20    420.000000    120.000000
3    21    440.000000    120.000000
3    22    460.000000    120.000000
3    23    480.000000    120.000000
3    24    500.000000    120.000000
3    25    520.000000    120.000000
3    26    540.000000    120.000000
3    27    560.000000    120.000000
3    28    580.000000    120.000000
3    29    600.000000    120.000000
3    30    620.000000    120.000000
3    31    640.000000    120.000000
3    32    660.000000    120.000000
3    33    680.000000    120.000000
3    34    700.000000    120.000000
3    35    720.000000    120.000000
3    36    740.000000    120.000000
3    37    760.000000    120.000000
3    38    780.000000    120.000000
3    39    800.000000    120.000000
3    40    820.000000    120.000000
3    41    840.000000    120.000000
3    42    860.000000    120.000000
3    43    880.000000    120.000000
3    44    900.000000    120.000000
3    45    920.000000    120.000000
3    46    940.000000    120.000000
3    47    960.000000    120.000000
3    48    980.000000    120.000000
3    49    1000.000000    120.000000
3    50    1020.000000    120.000000
3    51    1040.000000    120.000000
4    1    40.000000    120.000000
4    2    60.000000    120.000000
4    3    80.000000    120.000000
4    4    100.000000    120.000000
4    5    120.000000    120.000000
4    6    140.000000    120.000000
4    7    160.000000    120.000000
4    8    180.000000    120.000000
4    9    200.000000    120.000000
4    10    220.000000    120.000000
4    11    240.000000    120.000000
4    12    260.000000    120.000000
4    13    280.000000    120.000000
4    14    300.000000    120.000000
4    15    320.000000    120.000000
4    16    340.000000    120.000000
4    17    360.000000    120.000000
4    18    380.000000    120.000000
4    19    400.000000    120.000000
4    20    420.000000    120.000000
4    21    440.000000    120.000000
4    22    460.000000    120.000000
4    23    480.000000    120.000000
4    24    500.000000    120.000000
4    25    520.000000    120.000000
4    26    540.000000    120.000000
4    27    560.000000    120.000000
4    28    580.000000    120.000000
4    29    600.000000    120.000000
4    30    620.000000    120.000000
4    31    640.000000    120.000000
4    32    660.000000    120.000000
4    33    680.000000    120.000000
4    34    700.000000    120.000000
4    35    720.000000    120.000000
4    36    740.000000    120.000000
4    37    760.000000    120.000000
4    38    780.000000    120.000000
4    39    800.000000    120.000000
4    40    820.000000    120.000000
4    41    840.000000    120.000000
4    42    860.000000    120.000000
4    43    880.000000    120.000000
4    44    900.000000    120.000000
4    45    920.000000    120.000000
4    46    940.000000    120.000000
4    47    960.000000    120.000000
4    48    980.000000    120.000000
4    49    1000.000000    120.000000
4    50    1020.000000    120.000000
4    51    1040.000000    120.000000
5    1    40.000000    120.000000
5    2    60.000000    120.000000
5    3    80.000000    120.000000
5    4    100.000000    120.000000
5    5    120.000000    120.000000
5    6    140.000000    120.000000
5    7    160.000000    120.000000
5    8    180.000000    120.000000
5    9    200.000000    120.000000
5    10    220.000000    120.000000
5    11    240.000000    120.000000
5    12    260.000000    120.000000
5    13    280.000000    120.000000
5    14    300.000000    120.000000
5    15    320.000000    120.000000
5    16    340.000000    120.000000
5    17    360.000000    120.000000
5    18    380.000000    120.000000
5    19    400.000000    120.000000
5    20    420.000000    120.000000
5    21    440.000000    120.000000
5    22    460.000000    120.000000
5    23    480.000000    120.000000
5    24    500.000000    120.000000
5    25    520.000000    120.000000
5    26    540.000000    120.000000
5    27    560.000000    120.000000
5    28    580.000000    120.000000
5    29    600.000000    120.000000
5    30    620.000000    120.000000
5    31    640.000000    120.000000
5    32    660.000000    120.000000
5    33    680.000000    120.000000
5    34    700.000000    120.000000
5    35    720.000000    120.000000
5    36    740.000000    120.000000
5    37    760.000000    120.000000
5    38    780.000000    120.000000
5    39    800.000000    120.000000
5    40    820.000000    120.000000
5    41    840.000000    120.000000
5    42    860.000000    120.000000
5    43    880.000000    120.000000
5    44    900.000000    120.000000
5    45    920.000000    120.000000
5    46    940.000000    120.000000
5    47    960.000000    120.000000
5    48    980.000000    120.000000
5    49    1000.000000    120.000000
5    50    1020.000000    120.000000
5    51    1040.000000    120.000000
6    1    40.000000    120.000000
6    2    60.000000    120.000000
6    3    80.000000    120.000000
6    4    100.000000    120.000000
6    5    120.000000    120.000000
6    6    140.000000    120.000000
6    7    160.000000    120.000000
6    8    180.000000    120.000000
6    9    200.000000    120.000000
6    10    220.000000    120.000000
6    11    240.000000    120.000000
6    12    260.000000    120.000000
6    13    280.000000    120.000000
6    14    300.000000    120.000000
6    15    320.000000    120.000000
6    16    340.000000    120.000000
6    17    360.000000    120.000000
6    18    380.000000    120.000000
6    19    400.000000    120.000000
6    20    420.000000    120.000000
6    21    440.000000    120.000000
6    22    460.000000    120.000000
6    23    480.000000    120.000000
6    24    500.000000    120.000000
6    25    520.000000    120.000000
6    26    540.000000    120.000000
6    27    560.000000    120.000000
6    28    580.000000    120.000000
6    29    600.000000    120.000000
6    30    620.000000    120.000000
6    31    640.000000    120.000000
6    32    660.000000    120.000000
6    33    680.000000    120.000000
6    34    700.000000    120.000000
6    35    720.000000    120.000000
6    36    740.000000    120.000000
6    37    760.000000    120.000000
6    38    780.000000    120.000000
6    39    800.000000    120.000000
6    40    820.000000    120.000000
6    41    840.000000    120.000000
6    42    860.000000    120.000000
6    43    880.000000    120.000000
6    44    900.000000    120.000000
6    45    920.000000    120.000000
6    46    940.000000    120.000000
6    47    960.000000    120.000000
6    48    980.000000    120.000000
6    49    1000.000000    120.000000
6    50    1020.000000    120.000000
6    51    1040.000000    120.000000
7    1    40.000000    120.000000
7    2    60.000000    120.000000
7    3    80.000000    120.000000
7    4    100.000000    120.000000
7    5    120.000000    120.000000
7    6    140.000000    120.000000
7    7    160.000000    120.000000
7    8    180.000000    120.000000
7    9    200.000000    120.000000
7    10    220.000000    120.000000
7    11    240.000000    120.000000
7    12    260.000000    120.000000
7    13    280.000000    120.000000
7    14    300.000000    120.000000
7    15    320.000000    120.000000
7    16    340.000000    120.000000
7    17    360.000000    120.000000
7    18    380.000000    120.000000
7    19    400.000000    120.000000
7    20    420.000000    120.000000
7    21    440.000000    120.000000
7    22    460.000000    120.000000
7    23    480.000000    120.000000
7    24    500.000000    120.000000
7    25    520.000000    120.000000
7    26    540.000000    120.000000
7    27    560.000000    120.000000
7    28    580.000000    120.000000
7    29    600.000000    120.000000
7    30    620.000000    120.000000
7    31    640.000000    120.000000
7    32    660.000000    120.000000
7    33    680.000000    120.000000
7    34    700.000000    120.000000
7    35    720.000000    120.000000
7    36    740.000000    120.000000
7    37    760.000000    120.000000
7    38    780.000000    120.000000
7    39    800.000000    120.000000
7    40    820.000000    120.000000
7    41    840.000000    120.000000
7    42    860.000000    120.000000
7    43    880.000000    120.000000
7    44    900.000000    120.000000
7    45    920.000000    120.000000
7    46    940.000000    120.000000
7    47    960.000000    120.000000
7    48    980.000000    120.000000
7    49    1000.000000    120.000000
7    50    1020.000000    120.000000
7    51    1040.000000    120.000000
8    1    40.000000    120.000000
8    2    60.000000    120.000000
8    3    80.000000    120.000000
8    4    100.000000    120.000000
8    5    120.000000    120.000000
8    6    140.000000    120.000000
8    7    160.000000    120.000000
8    8    180.000000    120.000000
8    9    200.000000    120.000000
8    10    220.000000    120.000000
8    11    240.000000    120.000000
8    12    260.000000    120.000000
8    13    280.000000    120.000000
8    14    300.000000    120.000000
8    15    320.000000    120.000000
8    16    340.000000    120.000000
8    17    360.000000    120.000000
8    18    380.000000    120.000000
8    19    400.000000    120.000000
8    20    420.000000    120.000000
8    21    440.000000    120.000000
8    22    460.000000    120.000000
8    23    480.000000    120.000000
8    24    500.000000    120.000000
8    25    520.000000    120.000000
8    26    540.000000    120.000000
8    27    560.000000    120.000000
8    28    580.000000    120.000000
8    29    600.000000    120.000000
8    30    620.000000    120.000000
8    31    640.000000    120.000000
8    32    660.000000    120.000000
8    33    680.000000    120.000000
8    34    700.000000    120.000000
8    35    720.000000    120.000000
8    36    740.000000    120.000000
8    37    760.000000    120.000000
8    38    780.000000    120.000000
8    39    800.000000    120.000000
8    40    820.000000    120.000000
8    41    840.000000    120.000000
8    42    860.000000    120.000000
8    43    880.000000    120.000000
8    44    900.000000    120.000000
8    45    920.000000    120.000000
8    46    940.000000    120.000000
8    47    960.000000    120.000000
8    48    980.000000    120.000000
8    49    1000.000000    120.000000
8    50    1020.000000    120.000000
8    51    1040.000000    120.000000
9    1    40.000000    120.000000
9    2    60.000000    120.000000
9    3    80.000000    120.000000
9    4    100.000000    120.000000
9    5    120.000000    120.000000
9    6    140.000000    120.000000
9    7    160.000000    120.000000
9    8    180.000000    120.000000
9    9    200.000000    120.000000
9    10    220.000000    120.000000
9    11    240.000000    120.000000
9    12    260.000000    120.000000
9    13    280.000000    120.000000
9    14    300.000000    120.000000
9    15    320.000000    120.000000
9    16    340.000000    120.000000
9    17    360.000000    120.000000
9    18    380.000000    120.000000
9    19    400.000000    120.000000
9    20    420.000000    120.000000
9    21    440.000000    120.000000
9    22    460.000000    120.000000
9    23    480.000000    120.000000
9    24    500.000000    120.000000
9    25    520.000000    120.000000
9    26    540.000000    120.000000
9    27    560.000000    120.000000
9    28    580.000000    120.000000
9    29    600.000000    120.000000
9    30    620.000000    120.000000
9    31    640.000000    120.000000
9    32    660.000000    120.000000
9    33    680.000000    120.000000
9    34    700.000000    120.000000
9    35    720.000000    120.000000
9    36    740.000000    120.000000
9    37    760.000000    120.000000
9    38    780.000000    120.000000
9    39    800.000000    120.000000
9    40    820.000000    120.000000
9    41    840.000000    120.000000
9    42    860.000000    120.000000
9    43    880.000000    120.000000
9    44    900.000000    120.000000
9    45    920.000000    120.000000
9    46    940.000000    120.000000
9    47    960.000000    120.000000
9    48    980.000000    120.000000
9    49    1000.000000    120.000000
9    50    1020.000000    120.000000
9    51    1040.000000    120.000000
10    1    40.000000    120.000000
10    2    60.000000    120.000000
10    3    80.000000    120.000000
10    4    100.000000    120.000000
10    5    120.000000    120.000000
10    6    140.000000    120.000000
10    7    160.000000    120.000000
10    8    180.000000    120.000000
10    9    200.000000    120.000000
10    10    220.000000    120.000000
10    11    240.000000    120.000000
10    12    260.000000    120.000000
10    13    280.000000    120.000000
10    14    300.000000    120.000000
10    15    320.000000    120.000000
10    16    340.000000    120.000000
10    17    360.000000    120.000000
10    18    380.000000    120.000000
10    19    400.000000    120.000000
10    20    420.000000    120.000000
10    21    440.000000    120.000000
10    22    460.000000    120.000000
10    23    480.000000    120.000000
10    24    500.000000    120.000000
10    25    520.000000    120.000000
10    26    540.000000    120.000000
10    27    560.000000    120.000000
10    28    580.000000    120.000000
10    29    600.000000    120.000000
10    30    620.000000    120.000000
10    31    640.000000    120.000000
10    32    660.000000    120.000000
10    33    680.000000    120.000000
10    34    700.000000    120.000000
10    35    720.000000    120.000000
10    36    740.000000    120.000000
10    37    760.000000    120.000000
10    38    780.000000    120.000000
10    39    800.000000    120.000000
10    40    820.000000    120.000000
10    41    840.000000    120.000000
10    42    860.000000    120.000000
10    43    880.000000    120.000000
10    44    900.000000    120.000000
10    45    920.000000    120.000000
10    46    940.000000    120.000000
10    47    960.000000    120.000000
10    48    980.000000    120.000000
10    49    1000.000000    120.000000
10    50    1020.000000    120.000000
10    51    1040.000000    120.000000
11    1    40.000000    120.000000
11    2    60.000000    120.000000
11    3    80.000000    120.000000
11    4    100.000000    120.000000
11    5    120.000000    120.000000
11    6    140.000000    120.000000
11    7    160.000000    120.000000
11    8    180.000000    120.000000
11    9    200.000000    120.000000
11    10    220.000000    120.000000
11    11    240.000000    120.000000
11    12    260.000000    120.000000
11    13    280.000000    120.000000
11    14    300.000000    120.000000
11    15    320.000000    120.000000
11    16    340.000000    120.000000
11    17    360.000000    120.000000
11    18    380.000000    120.000000
11    19    400.000000    120.000000
11    20    420.000000    120.000000
11    21    440.000000    120.000000
11    22    460.000000    120.000000
11    23    480.000000    120.000000
11    24    500.000000    120.000000
11    25    520.000000    120.000000
11    26    540.000000    120.000000
11    27    560.000000    120.000000
11    28    580.000000    120.000000
11    29    600.000000    120.000000
11    30    620.000000    120.000000
11    31    640.000000    120.000000
11    32    660.000000    120.000000
11    33    680.000000    120.000000
11    34    700.000000    120.000000
11    35    720.000000    120.000000
11    36    740.000000    120.000000
11    37    760.000000    120.000000
11    38    780.000000    120.000000
11    39    800.000000    120.000000
11    40    820.000000    120.000000
11    41    840.000000    120.000000
11    42    860.000000    120.000000
11    43    880.000000    120.000000
11    44    900.000000    120.000000
11    45    920.000000    120.000000
11    46    940.000000    120.000000
11    47    960.000000    120.000000
11    48    980.000000    120.000000
11    49    1000.000000    120.000000
11    50    1020.000000    120.000000
11    51    1040.000000    120.000000
12    1    40.000000    120.000000
12    2    60.000000    120.000000
12    3    80.000000    120.000000
12    4    100.000000    120.000000
12    5    120.000000    120.000000
12    6    140.000000    120.000000
12    7    160.000000    120.000000
12    8    180.000000    120.000000
12    9    200.000000    120.000000
12    10    220.000000    120.000000
12    11    240.000000    120.000000
12    12    260.000000    120.000000
12    13    280.000000    120.000000
12    14    300.000000    120.000000
12    15    320.000000    120.000000
12    16    340.000000    120.000000
12    17    360.000000    120.000000
12    18    380.000000    120.000000
12    19    400.000000    120.000000
12    20    420.000000    120.000000
12    21    440.000000    120.000000
12    22    460.000000    120.000000
12    23    480.000000    120.000000
12    24    500.000000    120.000000
12    25    520.000000    120.000000
12    26    540.000000    120.000000
12    27    560.000000    120.000000
12    28    580.000000    120.000000
12    29    600.000000    120.000000
12    30    620.000000    120.000000
12    31    640.000000    120.000000
12    32    660.000000    120.000000
12    33    680.000000    120.000000
12    34    700.000000    120.000000
12    35    720.000000    120.000000
12    36    740.000000    120.000000
12    37    760.000000    120.000000
12    38    780.000000    120.000000
12    39    800.000000    120.000000
12    40    820.000000    120.000000
12    41    840.000000    120.000000
12    42    860.000000    120.000000
12    43    880.000000    120.000000
12    44    900.000000    120.000000
12    45    920.000000    120.000000
12    46    940.000000    120.000000
12    47    960.000000    120.000000
12    48    980.000000    120.000000
12    49    1000.000000    120.000000
12    50    1020.000000    120.000000
12    51    1040.000000    120.000000
13    1    40.000000    120.000000
13    2    60.000000    120.000000
13    3    80.000000    120.000000
13    4    100.000000    120.000000
13    5    120.000000    120.000000
13    6    140.000000    120.000000
13    7    160.000000    120.000000
13    8    180.000000    120.000000
13    9    200.000000    120.000000
13    10    220.000000    120.000000
13    11    240.000000    120.000000
13    12    260.000000    120.000000
13    13    280.000000    120.000000
13    14    300.000000    120.000000
13    15    320.000000    120.000000
13    16    340.000000    120.000000
13    17    360.000000    120.000000
13    18    380.000000    120.000000
13    19    400.000000    120.000000
13    20    420.000000    120.000000
13    21    440.000000    120.000000
13    22    460.000000    120.000000
13    23    480.000000    120.000000
13    24    500.000000    120.000000
13    25    520.000000    120.000000
13    26    540.000000    120.000000
13    27    560.000000    120.000000
13    28    580.000000    120.000000
13    29    600.000000    120.000000
13    30    620.000000    120.000000
13    31    640.000000    120.000000
13    32    660.000000    120.000000
13    33    680.000000    120.000000
13    34    700.000000    120.000000
13    35    720.000000    120.000000
13    36    740.000000    120.000000
13    37    760.000000    120.000000
13    38    780.000000    120.000000
13    39    800.000000    120.000000
13    40    820.000000    120.000000
13    41    840.000000    120.000000
13    42    860.000000    120.000000
13    43    880.000000    120.000000
13    44    900.000000    120.000000
13    45    920.000000    120.000000
13    46    940.000000    120.000000
13    47    960.000000    120.000000
13    48    980.000000    120.000000
13    49    1000.000000    120.000000
13    50    1020.000000    120.000000
13    51    1040.000000    120.000000
14    1    40.000000    120.000000
14    2    60.000000    120.000000
14    3    80.000000    120.000000
14    4    100.000000    120.000000
14    5    120.000000    120.000000
14    6    140.000000    120.000000
14    7    160.000000    120.000000
14    8    180.000000    120.000000
14    9    200.000000    120.000000
14    10    220.000000    120.000000
14    11    240.000000    120.000000
14    12    260.000000    120.000000
14    13    280.000000    120.000000
14    14    300.000000    120.000000
14    15    320.000000    120.000000
14    16    340.000000    120.000000
14    17    360.000000    120.000000
14    18    380.000000    120.000000
14    19    400.000000    120.000000
14    20    420.000000    120.000000
14    21    440.000000    120.000000
14    22    460.000000    120.000000
14    23    480.000000    120.000000
14    24    500.000000    120.000000
14    25    520.000000    120.000000
14    26    540.000000    120.000000
14    27    560.000000    120.000000
14    28    580.000000    120.000000
14    29    600.000000    120.000000
14    30    620.000000    120.000000
14    31    640.000000    120.000000
14    32    660.000000    120.000000
14    33    680.000000    120.000000
14    34    700.000000    120.000000
14    35    720.000000    120.000000
14    36    740.000000    120.000000
14    37    760.000000    120.000000
14    38    780.000000    120.000000
14    39    800.000000    120.000000
14    40    820.000000    120.000000
14    41    840.000000    120.000000
14    42    860.000000    120.000000
14    43    880.000000    120.000000
14    44    900.000000    120.000000
14    45    920.000000    120.000000
14    46    940.000000    120.000000
14    47    960.000000    120.000000
14    48    980.000000    120.000000
14    49    1000.000000    120.000000
14    50    1020.000000    120.000000
14    51    1040.000000    120.000000
15    1    40.000000    120.000000
15    2    60.000000    120.000000
15    3    80.000000    120.000000
15    4    100.000000    120.000000
15    5    120.000000    120.000000
15    6    140.000000    120.000000
15    7    160.000000    120.000000
15    8    180.000000    120.000000
15    9    200.000000    120.000000
15    10    220.000000    120.000000
15    11    240.000000    120.000000
15    12    260.000000    120.000000
15    13    280.000000    120.000000
15    14    300.000000    120.000000
15    15    320.000000    120.000000
15    16    340.000000    120.000000
15    17    360.000000    120.000000
15    18    380.000000    120.000000
15    19    400.000000    120.000000
15    20    420.000000    120.000000
15    21    440.000000    120.000000
15    22    460.000000    120.000000
15    23    480.000000    120.000000
15    24    500.000000    120.000000
15    25    520.000000    120.000000
15    26    540.000000    120.000000
15    27    560.000000    120.000000
15    28    580.000000    120.000000
15    29    600.000000    120.000000
15    30    620.000000    120.000000
15    31    640.000000    120.000000
15    32    660.000000    120.000000
15    33    680.000000    120.000000
15    34    700.000000    120.000000
15    35    720.000000    120.000000
15    36    740.000000    120.000000
15    37    760.000000    120.000000
15    38    780.000000    120.000000
15    39    800.000000    120.000000
15    40    820.000000    120.000000
15    41    840.000000    120.000000
15    42    860.000000    120.000000
15    43    880.000000    120.000000
15    44    900.000000    120.000000
15    45    920.000000    120.000000
15    46    940.000000    120.000000
15    47    960.000000    120.000000
15    48    980.000000    120.000000
15    49    1000.000000    120.000000
15    50    1020.000000    120.000000
15    51    1040.000000    120.000000
16    1    40.000000    120.000000
16    2    60.000000    120.000000
16    3    80.000000    120.000000
16    4    100.000000    120.000000
16    5    120.000000    120.000000
16    6    140.000000    120.000000
16    7    160.000000    120.000000
16    8    180.000000    120.000000
16    9    200.000000    120.000000
16    10    220.000000    120.000000
16    11    240.000000    120.000000
16    12    260.000000    120.000000
16    13    280.000000    120.000000
16    14    300.000000    120.000000
16    15    320.000000    120.000000
16    16    340.000000    120.000000
16    17    360.000000    120.000000
16    18    380.000000    120.000000
16    19    400.000000    120.000000
16    20    420.000000    120.000000
16    21    440.000000    120.000000
16    22    460.000000    120.000000
16    23    480.000000    120.000000
16    24    500.000000    120.000000
16    25    520.000000    120.000000
16    26    540.000000    120.000000
16    27    560.000000    120.000000
16    28    580.000000    120.000000
16    29    600.000000    120.000000
16    30    620.000000    120.000000
16    31    640.000000    120.000000
16    32    660.000000    120.000000
16    33    680.000000    120.000000
16    34    700.000000    120.000000
16    35    720.000000    120.000000
16    36    740.000000    120.000000
16    37    760.000000    120.000000
16    38    780.000000    120.000000
16    39    800.000000    120.000000
16    40    820.000000    120.000000
16    41    840.000000    120.000000
16    42    860.000000    120.000000
16    43    880.000000    120.000000
16    44    900.000000    120.000000
16    45    920.000000    120.000000
16    46    940.000000    120.000000
16    47    960.000000    120.000000
16    48    980.000000    120.000000
16    49    1000.000000    120.000000
16    50    1020.000000    120.000000
16    51    1040.000000    120.000000
17    1    40.000000    120.000000
17    2    60.000000    120.000000
17    3    80.000000    120.000000
17    4    100.000000    120.000000
17    5    120.000000    120.000000
17    6    140.000000    120.000000
17    7    160.000000    120.000000
17    8    180.000000    120.000000
17    9    200.000000    120.000000
17    10    220.000000    120.000000
17    11    240.000000    120.000000
17    12    260.000000    120.000000
17    13    280.000000    120.000000
17    14    300.000000    120.000000
17    15    320.000000    120.000000
17    16    340.000000    120.000000
17    17    360.000000    120.000000
17    18    380.000000    120.000000
17    19    400.000000    120.000000
17    20    420.000000    120.000000
17    21    440.000000    120.000000
17    22    460.000000    120.000000
17    23    480.000000    120.000000
17    24    500.000000    120.000000
17    25    520.000000    120.000000
17    26    540.000000    120.000000
17    27    560.000000    120.000000
17    28    580.000000    120.000000
17    29    600.000000    120.000000
17    30    620.000000    120.000000
17    31    640.000000    120.000000
17    32    660.000000    120.000000
17    33    680.000000    120.000000
17    34    700.000000    120.000000
17    35    720.000000    120.000000
17    36    740.000000    120.000000
17    37    760.000000    120.000000
17    38    780.000000    120.000000
17    39    800.000000    120.000000
17    40    820.000000    120.000000
17    41    840.000000    120.000000
17    42    860.000000    120.000000
17    43    880.000000    120.000000
17    44    900.000000    120.000000
17    45    920.000000    120.000000
17    46    940.000000    120.000000
17    47    960.000000    120.000000
17    48    980.000000    120.000000
17    49    1000.000000    120.000000
17    50    1020.000000    120.000000
17    51    1040.000000    120.000000
18    1    40.000000    120.000000
18    2    60.000000    120.000000
18    3    80.000000    120.000000
18    4    100.000000    120.000000
18    5    120.000000    120.000000
18    6    140.000000    120.000000
18    7    160.000000    120.000000
18    8    180.000000    120.000000
18    9    200.000000    120.000000
18    10    220.000000    120.000000
18    11    240.000000    120.000000
18    12    260.000000    120.000000
18    13    280.000000    120.000000
18    14    300.000000    120.000000
18    15    320.000000    120.000000
18    16    340.000000    120.000000
18    17    360.000000    120.000000
18    18    380.000000    120.000000
18    19    400.000000    120.000000
18    20    420.000000    120.000000
18    21    440.000000    120.000000
18    22    460.000000    120.000000
18    23    480.000000    120.000000
18    24    500.000000    120.000000
18    25    520.000000    120.000000
18    26    540.000000    120.000000
18    27    560.000000    120.000000
18    28    580.000000    120.000000
18    29    600.000000    120.000000
18    30    620.000000    120.000000
18    31    640.000000    120.000000
18    32    660.000000    120.000000
18    33    680.000000    120.000000
18    34    700.000000    120.000000
18    35    720.000000    120.000000
18    36    740.000000    120.000000
18    37    760.000000    120.000000
18    38    780.000000    120.000000
18    39    800.000000    120.000000
18    40    820.000000    120.000000
18    41    840.000000    120.000000
18    42    860.000000    120.000000
18    43    880.000000    120.000000
18    44    900.000000    120.000000
18    45    920.000000    120.000000
18    46    940.000000    120.000000
18    47    960.000000    120.000000
18    48    980.000000    120.000000
18    49    1000.000000    120.000000
18    50    1020.000000    120.000000
18    51    1040.000000    120.000000
19    1    40.000000    120.000000
19    2    60.000000    120.000000
19    3    80.000000    120.000000
19    4    100.000000    120.000000
19    5    120.000000    120.000000
19    6    140.000000    120.000000
19    7    160.000000    120.000000
19    8    180.000000    120.000000
19    9    200.000000    120.000000
19    10    220.000000    120.000000
19    11    240.000000    120.000000
19    12    260.000000    120.000000
19    13    280.000000    120.000000
19    14    300.000000    120.000000
19    15    320.000000    120.000000
19    16    340.000000    120.000000
19    17    360.000000    120.000000
19    18    380.000000    120.000000
19    19    400.000000    120.000000
19    20    420.000000    120.000000
19    21    440.000000    120.000000
19    22    460.000000    120.000000
19    23    480.000000    120.000000
19    24    500.000000    120.000000
19    25    520.000000    120.000000
19    26    540.000000    120.000000
19    27    560.000000    120.000000
19    28    580.000000    120.000000
19    29    600.000000    120.000000
19    30    620.000000    120.000000
19    31    640.000000    120.000000
19    32    660.000000    120.000000
19    33    680.000000    120.000000
19    34    700.000000    120.000000
19    35    720.000000    120.000000
19    36    740.000000    120.000000
19    37    760.000000    120.000000
19    38    780.000000    120.000000
19    39    800.000000    120.000000
19    40    820.000000    120.000000
19    41    840.000000    120.000000
19    42    860.000000    120.000000
19    43    880.000000    120.000000
19    44    900.000000    120.000000
19    45    920.000000    120.000000
19    46    940.000000    120.000000
19    47    960.000000    120.000000
19    48    980.000000    120.000000
19    49    1000.000000    120.000000
19    50    1020.000000    120.000000
19    51    1040.000000    120.000000
20    1    40.000000    120.000000
20    2    60.000000    120.000000
20    3    80.000000    120.000000
20    4    100.000000    120.000000
20    5    120.000000    120.000000
20    6    140.000000    120.000000
20    7    160.000000    120.000000
20    8    180.000000    120.000000
20    9    200.000000    120.000000
20    10    220.000000    120.000000
20    11    240.000000    120.000000
20    12    260.000000    120.000000
20    13    280.000000    120.000000
20    14    300.000000    120.000000
20    15    320.000000    120.000000
20    16    340.000000    120.000000
20    17    360.000000    120.000000
20    18    380.000000    120.000000
20    19    400.000000    120.000000
20    20    420.000000    120.000000
20    21    440.000000    120.000000
20    22    460.000000    120.000000
20    23    480.000000    120.000000
20    24    500.000000    120.000000
20    25    520.000000    120.000000
20    26    540.000000    120.000000
20    27    560.000000    120.000000
20    28    580.000000    120.000000
20    29    600.000000    120.000000
20    30    620.000000    120.000000
20    31    640.000000    120.000000
20    32    660.000000    120.000000
20    33    680.000000    120.000000
20    34    700.000000    120.000000
20    35    720.000000    120.000000
20    36    740.000000    120.000000
20    37    760.000000    120.000000
20    38    780.000000    120.000000
20    39    800.000000    120.000000
20    40    820.000000    120.000000
20    41    840.000000    120.000000
20    42    860.000000    120.000000
20    43    880.000000    120.000000
20    44    900.000000    120.000000
20    45    920.000000    120.000000
20    46    940.000000    120.000000
20    47    960.000000    120.000000
20    48    980.000000    120.000000
20    49    1000.000000    120.000000
20    50    1020.000000    120.000000
20    51    1040.000000    120.000000
21    1    40.000000    120.000000
21    2    60.000000    120.000000
21    3    80.000000    120.000000
21    4    100.000000    120.000000
21    5    120.000000    120.000000
21    6    140.000000    120.000000
21    7    160.000000    120.000000
21    8    180.000000    120.000000
21    9    200.000000    120.000000
21    10    220.000000    120.000000
21    11    240.000000    120.000000
21    12    260.000000    120.000000
21    13    280.000000    120.000000
21    14    300.000000    120.000000
21    15    320.000000    120.000000
21    16    340.000000    120.000000
21    17    360.000000    120.000000
21    18    380.000000    120.000000
21    19    400.000000    120.000000
21    20    420.000000    120.000000
21    21    440.000000    120.000000
21    22    460.000000    120.000000
21    23    480.000000    120.000000
21    24    500.000000    120.000000
21    25    520.000000    120.000000
21    26    540.000000    120.000000
21    27    560.000000    120.000000
21    28    580.000000    120.000000
21    29    600.000000    120.000000
21    30    620.000000    120.000000
21    31    640.000000    120.000000
21    32    660.000000    120.000000
21    33    680.000000    120.000000
21    34    700.000000    120.000000
21    35    720.000000    120.000000
21    36    740.000000    120.000000
21    37    760.000000    120.000000
21    38    780.000000    120.000000
21    39    800.000000    120.000000
21    40    820.000000    120.000000
21    41    840.000000    120.000000
21    42    860.000000    120.000000
21    43    880.000000    120.000000
21    44    900.000000    120.000000
21    45    920.000000    120.000000
21    46    940.000000    120.000000
21    47    960.000000    120.000000
21    48    980.000000    120.000000
21    49    1000.000000    120.000000
21    50    1020.000000    120.000000
21    51    1040.000000    120.000000
22    1    40.000000    120.000000
22    2    60.000000    120.000000
22    3    80.000000    120.000000
22    4    100.000000    120.000000
22    5    120.000000    120.000000
22    6    140.000000    120.000000
22    7    160.000000    120.000000
22    8    180.000000    120.000000
22    9    200.000000    120.000000
22    10    220.000000    120.000000
22    11    240.000000    120.000000
22    12    260.000000    120.000000
22    13    280.000000    120.000000
22    14    300.000000    120.000000
22    15    320.000000    120.000000
22    16    340.000000    120.000000
22    17    360.000000    120.000000
22    18    380.000000    120.000000
22    19    400.000000    120.000000
22    20    420.000000    120.000000
22    21    440.000000    120.000000
22    22    460.000000    120.000000
22    23    480.000000    120.000000
22    24    500.000000    120.000000
22    25    520.000000    120.000000
22    26    540.000000    120.000000
22    27    560.000000    120.000000
22    28    580.000000    120.000000
22    29    600.000000    120.000000
22    30    620.000000    120.000000
22    31    640.000000    120.000000
22    32    660.000000    120.000000
22    33    680.000000    120.000000
22    34    700.000000    120.000000
22    35    720.000000    120.000000
22    36    740.000000    120.000000
22    37    760.000000    120.000000
22    38    780.000000    120.000000
22    39    800.000000    120.000000
22    40    820.000000    120.000000
22    41    840.000000    120.000000
22    42    860.000000    120.000000
22    43    880.000000    120.000000
22    44    900.000000    120.000000
22    45    920.000000    120.000000
22    46    940.000000    120.000000
22    47    960.000000    120.000000
22    48    980.000000    120.000000
22    49    1000.000000    120.000000
22    50    1020.000000    120.000000
22    51    1040.000000    120.000000
23    1    40.000000    120.000000
23    2    60.000000    120.000000
23    3    80.000000    120.000000
23    4    100.000000    120.000000
23    5    120.000000    120.000000
23    6    140.000000    120.000000
23    7    160.000000    120.000000
23    8    180.000000    120.000000
23    9    200.000000    120.000000
23    10    220.000000    120.000000
23    11    240.000000    120.000000
23    12    260.000000    120.000000
23    13    280.000000    120.000000
23    14    300.000000    120.000000
23    15    320.000000    120.000000
23    16    340.000000    120.000000
23    17    360.000000    120.000000
23    18    380.000000    120.000000
23    19    400.000000    120.000000
23    20    420.000000    120.000000
23    21    440.000000    120.000000
23    22    460.000000    120.000000
23    23    480.000000    120.000000
23    24    500.000000    120.000000
23    25    520.000000    120.000000
23    26    540.000000    120.000000
23    27    560.000000    120.000000
23    28    580.000000    120.000000
23    29    600.000000    120.000000
23    30    620.000000    120.000000
23    31    640.000000    120.000000
23    32    660.000000    120.000000
23    33    680.000000    120.000000
23    34    700.000000    120.000000
23    35    720.000000    120.000000
23    36    740.000000    120.000000
23    37    760.000000    120.000000
23    38    780.000000    120.000000
23    39    800.000000    120.000000
23    40    820.000000    120.000000
23    41    840.000000    120.000000
23    42    860.000000    120.000000
23    43    880.000000    120.000000
23    44    900.000000    120.000000
23    45    920.000000    120.000000
23    46    940.000000    120.000000
23    47    960.000000    120.000000
23    48    980.000000    120.000000
23    49    1000.000000    120.000000
23    50    1020.000000    120.000000
23    51    1040.000000    120.000000
24    1    40.000000    120.000000
24    2    60.000000    120.000000
24    3    80.000000    120.000000
24    4    100.000000    120.000000
24    5    120.000000    120.000000
24    6    140.000000    120.000000
24    7    160.000000    120.000000
24    8    180.000000    120.000000
24    9    200.000000    120.000000
24    10    220.000000    120.000000
24    11    240.000000    120.000000
24    12    260.000000    120.000000
24    13    280.000000    120.000000
24    14    300.000000    120.000000
24    15    320.000000    120.000000
24    16    340.000000    120.000000
24    17    360.000000    120.000000
24    18    380.000000    120.000000
24    19    400.000000    120.000000
24    20    420.000000    120.000000
24    21    440.000000    120.000000
24    22    460.000000    120.000000
24    23    480.000000    120.000000
24    24    500.000000    120.000000
24    25    520.000000    120.000000
24    26    540.000000    120.000000
24    27    560.000000    120.000000
24    28    580.000000    120.000000
24    29    600.000000    120.000000
24    30    620.000000    120.000000
24    31    640.000000    120.000000
24    32    660.000000    120.000000
24    33    680.000000    120.000000
24    34    700.000000    120.000000
24    35    720.000000    120.000000
24    36    740.000000    120.000000
24    37    760.000000    120.000000
24    38    780.000000    120.000000
24    39    800.000000    120.000000
24    40    820.000000    120.000000
24    41    840.000000    120.000000
24    42    860.000000    120.000000
24    43    880.000000    120.000000
24    44    900.000000    120.000000
24    45    920.000000    120.000000
24    46    940.000000    120.000000
24    47    960.000000    120.000000
24    48    980.000000    120.000000
24    49    1000.000000    120.000000
24    50    1020.000000    120.000000
24    51    1040.000000    120.000000
25    1    40.000000    120.000000
25    2    60.000000    120.000000
25    3    80.000000    120.000000
25    4    100.000000    120.000000
25    5    120.000000    120.000000
25    6    140.000000    120.000000
25    7    160.000000    120.000000
25    8    180.000000    120.000000
25    9    200.000000    120.000000
25    10    220.000000    120.000000
25    11    240.000000    120.000000
25    12    260.000000    120.000000
25    13    280.000000    120.000000
25    14    300.000000    120.000000
25    15    320.000000    120.000000
25    16    340.000000    120.000000
25    17    360.000000    120.000000
25    18    380.000000    120.000000
25    19    400.000000    120.000000
25    20    420.000000    120.000000
25    21    440.000000    120.000000
25    22    460.000000    120.000000
25    23    480.000000    120.000000
25    24    500.000000    120.000000
25    25    520.000000    120.000000
25    26    540.000000    120.000000
25    27    560.000000    120.000000
25    28    580.000000    120.000000
25    29    600.000000    120.000000
25    30    620.000000    120.000000
25    31    640.000000    120.000000
25    32    660.000000    120.000000
25    33    680.000000    120.000000
25    34    700.000000    120.000000
25    35    720.000000    120.000000
25    36    740.000000    120.000000
25    37    760.000000    120.000000
25    38    780.000000    120.000000
25    39    800.000000    120.000000
25    40    820.000000    120.000000
25    41    840.000000    120.000000
25    42    860.000000    120.000000
25    43    880.000000    120.000000
25    44    900.000000    120.000000
25    45    920.000000    120.000000
25    46    940.000000    120.000000
25    47    960.000000    120.000000
25    48    980.000000    120.000000
25    49    1000.000000    120.000000
25    50    1020.000000    120.000000
25    51    1040.000000    120.000000
26    1    40.000000    120.000000
26    2    60.000000    120.000000
26    3    80.000000    120.000000
26    4    100.000000    120.000000
26    5    120.000000    120.000000
26    6    140.000000    120.000000
26    7    160.000000    120.000000
26    8    180.000000    120.000000
26    9    200.000000    120.000000
26    10    220.000000    120.000000
26    11    240.000000    120.000000
26    12    260.000000    120.000000
26    13    280.000000    120.000000
26    14    300.000000    120.000000
26    15    320.000000    120.000000
26    16    340.000000    120.000000
26    17    360.000000    120.000000
26    18    380.000000    120.000000
26    19    400.000000    120.000000
26    20    420.000000    120.000000
26    21    440.000000    120.000000
26    22    460.000000    120.000000
26    23    480.000000    120.000000
26    24    500.000000    120.000000
26    25    520.000000    120.000000
26    26    540.000000    120.000000
26    27    560.000000    120.000000
26    28    580.000000    120.000000
26    29    600.000000    120.000000
26    30    620.000000    120.000000
26    31    640.000000    120.000000
26    32    660.000000    120.000000
26    33    680.000000    120.000000
26    34    700.000000    120.000000
26    35    720.000000    120.000000
26    36    740.000000    120.000000
26    37    760.000000    120.000000
26    38    780.000000    120.000000
26    39    800.000000    120.000000
26    40    820.000000    120.000000
26    41    840.000000    120.000000
26    42    860.000000    120.000000
26    43    880.000000    120.000000
26    44    900.000000    120.000000
26    45    920.000000    120.000000
26    46    940.000000    120.000000
26    47    960.000000    120.000000
26    48    980.000000    120.000000
26    49    1000.000000    120.000000
26    50    1020.000000    120.000000
26    51    1040.000000    120.000000
27    1    40.000000    120.000000
27    2    60.000000    120.000000
27    3    80.000000    120.000000
27    4    100.000000    120.000000
27    5    120.000000    120.000000
27    6    140.000000    120.000000
27    7    160.000000    120.000000
27    8    180.000000    120.000000
27    9    200.000000    120.000000
27    10    220.000000    120.000000
27    11    240.000000    120.000000
27    12    260.000000    120.000000
27    13    280.000000    120.000000
27    14    300.000000    120.000000
27    15    320.000000    120.000000
27    16    340.000000    120.000000
27    17    360.000000    120.000000
27    18    380.000000    120.000000
27    19    400.000000    120.000000
27    20    420.000000    120.000000
27    21    440.000000    120.000000
27    22    460.000000    120.000000
27    23    480.000000    120.000000
27    24    500.000000    120.000000
27    25    520.000000    120.000000
27    26    540.000000    120.000000
27    27    560.000000    120.000000
27    28    580.000000    120.000000
27    29    600.000000    120.000000
27    30    620.000000    120.000000
27    31    640.000000    120.000000
27    32    660.000000    120.000000
27    33    680.000000    120.000000
27    34    700.000000    120.000000
27    35    720.000000    120.000000
27    36    740.000000    120.000000
27    37    760.000000    120.000000
27    38    780.000000    120.000000
27    39    800.000000    120.000000
27    40    820.000000    120.000000
27    41    840.000000    120.000000
27    42    860.000000    120.000000
27    43    880.000000    120.000000
27    44    900.000000    120.000000
27    45    920.000000    120.000000
27    46    940.000000    120.000000
27    47    960.000000    120.000000
27    48    980.000000    120.000000
27    49    1000.000000    120.000000
27    50    1020.000000    120.000000
27    51    1040.000000    120.000000
28    1    40.000000    120.000000
28    2    60.000000    120.000000
28    3    80.000000    120.000000
28    4    100.000000    120.000000
28    5    120.000000    120.000000
28    6    140.000000    120.000000
28    7    160.000000    120.000000
28    8    180.000000    120.000000
28    9    200.000000    120.000000
28    10    220.000000    120.000000
28    11    240.000000    120.000000
28    12    260.000000    120.000000
28    13    280.000000    120.000000
28    14    300.000000    120.000000
28    15    320.000000    120.000000
28    16    340.000000    120.000000
28    17    360.000000    120.000000
28    18    380.000000    120.000000
28    19    400.000000    120.000000
28    20    420.000000    120.000000
28    21    440.000000    120.000000
28    22    460.000000    120.000000
28    23    480.000000    120.000000
28    24    500.000000    120.000000
28    25    520.000000    120.000000
28    26    540.000000    120.000000
28    27    560.000000    120.000000
28    28    580.000000    120.000000
28    29    600.000000    120.000000
28    30    620.000000    120.000000
28    31    640.000000    120.000000
28    32    660.000000    120.000000
28    33    680.000000    120.000000
28    34    700.000000    120.000000
28    35    720.000000    120.000000
28    36    740.000000    120.000000
28    37    760.000000    120.000000
28    38    780.000000    120.000000
28    39    800.000000    120.000000
28    40    820.000000    120.000000
28    41    840.000000    120.000000
28    42    860.000000    120.000000
28    43    880.000000    120.000000
28    44    900.000000    120.000000
28    45    920.000000    120.000000
28    46    940.000000    120.000000
28    47    960.000000    120.000000
28    48    980.000000    120.000000
28    49    1000.000000    120.000000
28    50    1020.000000    120.000000
28    51    1040.000000    120.000000
29    1    40.000000    120.000000
29    2    60.000000    120.000000
29    3    80.000000    120.000000
29    4    100.000000    120.000000
29    5    120.000000    120.000000
29    6    140.000000    120.000000
29    7    160.000000    120.000000
29    8    180.000000    120.000000
29    9    200.000000    120.000000
29    10    220.000000    120.000000
29    11    240.000000    120.000000
29    12    260.000000    120.000000
29    13    280.000000    120.000000
29    14    300.000000    120.000000
29    15    320.000000    120.000000
29    16    340.000000    120.000000
29    17    360.000000    120.000000
29    18    380.000000    120.000000
29    19    400.000000    120.000000
29    20    420.000000    120.000000
29    21    440.000000    120.000000
29    22    460.000000    120.000000
29    23    480.000000    120.000000
29    24    500.000000    120.000000
29    25    520.000000    120.000000
29    26    540.000000    120.000000
29    27    560.000000    120.000000
29    28    580.000000    120.000000
29    29    600.000000    120.000000
29    30    620.000000    120.000000
29    31    640.000000    120.000000
29    32    660.000000    120.000000
29    33    680.000000    120.000000
29    34    700.000000    120.000000
29    35    720.000000    120.000000
29    36    740.000000    120.000000
29    37    760.000000    120.000000
29    38    780.000000    120.000000
29    39    800.000000    120.000000
29    40    820.000000    120.000000
29    41    840.000000    120.000000
29    42    860.000000    120.000000
29    43    880.000000    120.000000
29    44    900.000000    120.000000
29    45    920.000000    120.000000
29    46    940.000000    120.000000
29    47    960.000000    120.000000
29    48    980.000000    120.000000
29    49    1000.000000    120.000000
29    50    1020.000000    120.000000
29    51    1040.000000    120.000000
30    1    40.000000    120.000000
30    2    60.000000    120.000000
30    3    80.000000    120.000000
30    4    100.000000    120.000000
30    5    120.000000    120.000000
30    6    140.000000    120.000000
30    7    160.000000    120.000000
30    8    180.000000    120.000000
30    9    200.000000    120.000000
30    10    220.000000    120.000000
30    11    240.000000    120.000000
30    12    260.000000    120.000000
30    13    280.000000    120.000000
30    14    300.000000    120.000000
30    15    320.000000    120.000000
30    16    340.000000    120.000000
30    17    360.000000    120.000000
30    18    380.000000    120.000000
30    19    400.000000    120.000000
30    20    420.000000    120.000000
30    21    440.000000    120.000000
30    22    460.000000    120.000000
30    23    480.000000    120.000000
30    24    500.000000    120.000000
30    25    520.000000    120.000000
30    26    540.000000    120.000000
30    27    560.000000    120.000000
30    28    580.000000    120.000000
30    29    600.000000    120.000000
30    30    620.000000    120.000000
30    31    640.000000    120.000000
30    32    660.000000    120.000000
30    33    680.000000    120.000000
30    34    700.000000    120.000000
30    35    720.000000    120.000000
30    36    740.000000    120.000000
30    37    760.000000    120.000000
30    38    780.000000    120.000000
30    39    800.000000    120.000000
30    40    820.000000    120.000000
30    41    840.000000    120.000000
30    42    860.000000    120.000000
30    43    880.000000    120.000000
30    44    900.000000    120.000000
30    45    920.000000    120.000000
30    46    940.000000    120.000000
30    47    960.000000    120.000000
30    48    980.000000    120.000000
30    49    1000.000000    120.000000
30    50    1020.000000    120.000000
30    51    1040.000000    120.000000
31    1    40.000000    120.000000
31    2    60.000000    120.000000
31    3    80.000000    120.000000
31    4    100.000000    120.000000
31    5    120.000000    120.000000
31    6    140.000000    120.000000
31    7    160.000000    120.000000
31    8    180.000000    120.000000
31    9    200.000000    120.000000
31    10    220.000000    120.000000
31    11    240.000000    120.000000
31    12    260.000000    120.000000
31    13    280.000000    120.000000
31    14    300.000000    120.000000
31    15    320.000000    120.000000
31    16    340.000000    120.000000
31    17    360.000000    120.000000
31    18    380.000000    120.000000
31    19    400.000000    120.000000
31    20    420.000000    120.000000
31    21    440.000000    120.000000
31    22    460.000000    120.000000
31    23    480.000000    120.000000
31    24    500.000000    120.000000
31    25    520.000000    120.000000
31    26    540.000000    120.000000
31    27    560.000000    120.000000
31    28    580.000000    120.000000
31    29    600.000000    120.000000
31    30    620.000000    120.000000
31    31    640.000000    120.000000
31    32    660.000000    120.000000
31    33    680.000000    120.000000
31    34    700.000000    120.000000
31    35    720.000000    120.000000
31    36    740.000000    120.000000
31    37    760.000000    120.000000
31    38    780.000000    120.000000
31    39    800.000000    120.000000
31    40    820.000000    120.000000
31    41    840.000000    120.000000
31    42    860.000000    120.000000
31    43    880.000000    120.000000
31    44    900.000000    120.000000
31    45    920.000000    120.000000
31    46    940.000000    120.000000
31    47    960.000000    120.000000
31    48    980.000000    120.000000
31    49    1000.000000    120.000000
31    50    1020.000000    120.000000
31    51    1040.000000    120.000000
32    1    40.000000    120.000000
32    2    60.000000    120.000000
32    3    80.000000    120.000000
32    4    100.000000    120.000000
32    5    120.000000    120.000000
32    6    140.000000    120.000000
32    7    160.000000    120.000000
32    8    180.000000    120.000000
32    9    200.000000    120.000000
32    10    220.000000    120.000000
32    11    240.000000    120.000000
32    12    260.000000    120.000000
32    13    280.000000    120.000000
32    14    300.000000    120.000000
32    15    320.000000    120.000000
32    16    340.000000    120.000000
32    17    360.000000    120.000000
32    18    380.000000    120.000000
32    19    400.000000    120.000000
32    20    420.000000    120.000000
32    21    440.000000    120.000000
32    22    460.000000    120.000000
32    23    480.000000    120.000000
32    24    500.000000    120.000000
32    25    520.000000    120.000000
32    26    540.000000    120.000000
32    27    560.000000    120.000000
32    28    580.000000    120.000000
32    29    600.000000    120.000000
32    30    620.000000    120.000000
32    31    640.000000    120.000000
32    32    660.000000    120.000000
32    33    680.000000    120.000000
32    34    700.000000    120.000000
32    35    720.000000    120.000000
32    36    740.000000    120.000000
32    37    760.000000    120.000000
32    38    780.000000    120.000000
32    39    800.000000    120.000000
32    40    820.000000    120.000000
32    41    840.000000    120.000000
32    42    860.000000    120.000000
32    43    880.000000    120.000000
32    44    900.000000    120.000000
32    45    920.000000    120.000000
32    46    940.000000    120.000000
32    47    960.000000    120.000000
32    48    980.000000    120.000000
32    49    1000.000000    120.000000
32    50    1020.000000    120.000000
32    51    1040.000000    120.000000
33    1    40.000000    120.000000
33    2    60.000000    120.000000
33    3    80.000000    120.000000
33    4    100.000000    120.000000
33    5    120.000000    120.000000
33    6    140.000000    120.000000
33    7    160.000000    120.000000
33    8    180.000000    120.000000
33    9    200.000000    120.000000
33    10    220.000000    120.000000
33    11    240.000000    120.000000
33    12    260.000000    120.000000
33    13    280.000000    120.000000
33    14    300.000000    120.000000
33    15    320.000000    120.000000
33    16    340.000000    120.000000
33    17    360.000000    120.000000
33    18    380.000000    120.000000
33    19    400.000000    120.000000
33    20    420.000000    120.000000
33    21    440.000000    120.000000
33    22    460.000000    120.000000
33    23    480.000000    120.000000
33    24    500.000000    120.000000
33    25    520.000000    120.000000
33    26    540.000000    120.000000
33    27    560.000000    120.000000
33    28    580.000000    120.000000
33    29    600.000000    120.000000
33    30    620.000000    120.000000
33    31    640.000000    120.000000
33    32    660.000000    120.000000
33    33    680.000000    120.000000
33    34    700.000000    120.000000
33    35    720.000000    120.000000
33    36    740.000000    120.000000
33    37    760.000000    120.000000
33    38    780.000000    120.000000
33    39    800.000000    120.000000
33    40    820.000000    120.000000
33    41    840.000000    120.000000
33    42    860.000000    120.000000
33    43    880.000000    120.000000
33    44    900.000000    120.000000
33    45    920.000000    120.000000
33    46    940.000000    120.000000
33    47    960.000000    120.000000
33    48    980.000000    120.000000
33    49    1000.000000    120.000000
33    50    1020.000000    120.000000
33    51    1040.000000    120.000000
34    1    40.000000    120.000000
34    2    60.000000    120.000000
34    3    80.000000    120.000000
34    4    100.000000    120.000000
34    5    120.000000    120.000000
34    6    140.000000    120.000000
34    7    160.000000    120.000000
34    8    180.000000    120.000000
34    9    200.000000    120.000000
34    10    220.000000    120.000000
34    11    240.000000    120.000000
34    12    260.000000    120.000000
34    13    280.000000    120.000000
34    14    300.000000    120.000000
34    15    320.000000    120.000000
34    16    340.000000    120.000000
34    17    360.000000    120.000000
34    18    380.000000    120.000000
34    19    400.000000    120.000000
34    20    420.000000    120.000000
34    21    440.000000    120.000000
34    22    460.000000    120.000000
34    23    480.000000    120.000000
34    24    500.000000    120.000000
34    25    520.000000    120.000000
34    26    540.000000    120.000000
34    27    560.000000    120.000000
34    28    580.000000    120.000000
34    29    600.000000    120.000000
34    30    620.000000    120.000000
34    31    640.000000    120.000000
34    32    660.000000    120.000000
34    33    680.000000    120.000000
34    34    700.000000    120.000000
34    35    720.000000    120.000000
34    36    740.000000    120.000000
34    37    760.000000    120.000000
34    38    780.000000    120.000000
34    39    800.000000    120.000000
34    40    820.000000    120.000000
34    41    840.000000    120.000000
34    42    860.000000    120.000000
34    43    880.000000    120.000000
34    44    900.000000    120.000000
34    45    920.000000    120.000000
34    46    940.000000    120.000000
34    47    960.000000    120.000000
34    48    980.000000    120.000000
34    49    1000.000000    120.000000
34    50    1020.000000    120.000000
34    51    1040.000000    120.000000
35    1    40.000000    120.000000
35    2    60.000000    120.000000
35    3    80.000000    120.000000
35    4    100.000000    120.000000
35    5    120.000000    120.000000
35    6    140.000000    120.000000
35    7    160.000000    120.000000
35    8    180.000000    120.000000
35    9    200.000000    120.000000
35    10    220.000000    120.000000
35    11    240.000000    120.000000
35    12    260.000000    120.000000
35    13    280.000000    120.000000
35    14    300.000000    120.000000
35    15    320.000000    120.000000
35    16    340.000000    120.000000
35    17    360.000000    120.000000
35    18    380.000000    120.000000
35    19    400.000000    120.000000
35    20    420.000000    120.000000
35    21    440.000000    120.000000
35    22    460.000000    120.000000
35    23    480.000000    120.000000
35    24    500.000000    120.000000
35    25    520.000000    120.000000
35    26    540.000000    120.000000
35    27    560.000000    120.000000
35    28    580.000000    120.000000
35    29    600.000000    120.000000
35    30    620.000000    120.000000
35    31    640.000000    120.000000
35    32    660.000000    120.000000
35    33    680.000000    120.000000
35    34    700.000000    120.000000
35    35    720.000000    120.000000
35    36    740.000000    120.000000
35    37    760.000000    120.000000
35    38    780.000000    120.000000
35    39    800.000000    120.000000
35    40    820.000000    120.000000
35    41    840.000000    120.000000
35    42    860.000000    120.000000
35    43    880.000000    120.000000
35    44    900.000000    120.000000
35    45    920.000000    120.000000
35    46    940.000000    120.000000
35    47    960.000000    120.000000
35    48    980.000000    120.000000
35    49    1000.000000    120.000000
35    50    1020.000000    120.000000
35    51    1040.000000    120.000000
36    1    40.000000    120.000000
36    2    60.000000    120.000000
36    3    80.000000    120.000000
36    4    100.000000    120.000000
36    5    120.000000    120.000000
36    6    140.000000    120.000000
36    7    160.000000    120.000000
36    8    180.000000    120.000000
36    9    200.000000    120.000000
36    10    220.000000    120.000000
36    11    240.000000    120.000000
36    12    260.000000    120.000000
36    13    280.000000    120.000000
36    14    300.000000    120.000000
36    15    320.000000    120.000000
36    16    340.000000    120.000000
36    17    360.000000    120.000000
36    18    380.000000    120.000000
36    19    400.000000    120.000000
36    20    420.000000    120.000000
36    21    440.000000    120.000000
36    22    460.000000    120.000000
36    23    480.000000    120.000000
36    24    500.000000    120.000000
36    25    520.000000    120.000000
36    26    540.000000    120.000000
36    27    560.000000    120.000000
36    28    580.000000    120.000000
36    29    600.000000    120.000000
36    30    620.000000    120.000000
36    31    640.000000    120.000000
36    32    660.000000    120.000000
36    33    680.000000    120.000000
36    34    700.000000    120.000000
36    35    720.000000    120.000000
36    36    740.000000    120.000000
36    37    760.000000    120.000000
36    38    780.000000    120.000000
36    39    800.000000    120.000000
36    40    820.000000    120.000000
36    41    840.000000    120.000000
36    42    860.000000    120.000000
36    43    880.000000    120.000000
36    44    900.000000    120.000000
36    45    920.000000    120.000000
36    46    940.000000    120.000000
36    47    960.000000    120.000000
36    48    980.000000    120.000000
36    49    1000.000000    120.000000
36    50    1020.000000    120.000000
36    51    1040.000000    120.000000
37    1    40.000000    120.000000
37    2    60.000000    120.000000
37    3    80.000000    120.000000
37    4    100.000000    120.000000
37    5    120.000000    120.000000
37    6    140.000000    120.000000
37    7    160.000000    120.000000
37    8    180.000000    120.000000
37    9    200.000000    120.000000
37    10    220.000000    120.000000
37    11    240.000000    120.000000
37    12    260.000000    120.000000
37    13    280.000000    120.000000
37    14    300.000000    120.000000
37    15    320.000000    120.000000
37    16    340.000000    120.000000
37    17    360.000000    120.000000
37    18    380.000000    120.000000
37    19    400.000000    120.000000
37    20    420.000000    120.000000
37    21    440.000000    120.000000
37    22    460.000000    120.000000
37    23    480.000000    120.000000
37    24    500.000000    120.000000
37    25    520.000000    120.000000
37    26    540.000000    120.000000
37    27    560.000000    120.000000
37    28    580.000000    120.000000
37    29    600.000000    120.000000
37    30    620.000000    120.000000
37    31    640.000000    120.000000
37    32    660.000000    120.000000
37    33    680.000000    120.000000
37    34    700.000000    120.000000
37    35    720.000000    120.000000
37    36    740.000000    120.000000
37    37    760.000000    120.000000
37    38    780.000000    120.000000
37    39    800.000000    120.000000
37    40    820.000000    120.000000
37    41    840.000000    120.000000
37    42    860.000000    120.000000
37    43    880.000000    120.000000
37    44    900.000000    120.000000
37    45    920.000000    120.000000
37    46    940.000000    120.000000
37    47    960.000000    120.000000
37    48    980.000000    120.000000
37    49    1000.000000    120.000000
37    50    1020.000000    120.000000
37    51    1040.000000    120.000000
38    1    40.000000    120.000000
38    2    60.000000    120.000000
38    3    80.000000    120.000000
38    4    100.000000    120.000000
38    5    120.000000    120.000000
38    6    140.000000    120.000000
38    7    160.000000    120.000000
38    8    180.000000    120.000000
38    9    200.000000    120.000000
38    10    220.000000    120.000000
38    11    240.000000    120.000000
38    12    260.000000    120.000000
38    13    280.000000    120.000000
38    14    300.000000    120.000000
38    15    320.000000    120.000000
38    16    340.000000    120.000000
38    17    360.000000    120.000000
38    18    380.000000    120.000000
38    19    400.000000    120.000000
38    20    420.000000    120.000000
38    21    440.000000    120.000000
38    22    460.000000    120.000000
38    23    480.000000    120.000000
38    24    500.000000    120.000000
38    25    520.000000    120.000000
38    26    540.000000    120.000000
38    27    560.000000    120.000000
38    28    580.000000    120.000000
38    29    600.000000    120.000000
38    30    620.000000    120.000000
38    31    640.000000    120.000000
38    32    660.000000    120.000000
38    33    680.000000    120.000000
38    34    700.000000    120.000000
38    35    720.000000    120.000000
38    36    740.000000    120.000000
38    37    760.000000    120.000000
38    38    780.000000    120.000000
38    39    800.000000    120.000000
38    40    820.000000    120.000000
38    41    840.000000    120.000000
38    42    860.000000    120.000000
38    43    880.000000    120.000000
38    44    900.000000    120.000000
38    45    920.000000    120.000000
38    46    940.000000    120.000000
38    47    960.000000    120.000000
38    48    980.000000    120.000000
38    49    1000.000000    120.000000
38    50    1020.000000    120.000000
38    51    1040.000000    120.000000
39    1    40.000000    120.000000
39    2    60.000000    120.000000
39    3    80.000000    120.000000
39    4    100.000000    120.000000
39    5    120.000000    120.000000
39    6    140.000000    120.000000
39    7    160.000000    120.000000
39    8    180.000000    120.000000
39    9    200.000000    120.000000
39    10    220.000000    120.000000
39    11    240.000000    120.000000
39    12    260.000000    120.000000
39    13    280.000000    120.000000
39    14    300.000000    120.000000
39    15    320.000000    120.000000
39    16    340.000000    120.000000
39    17    360.000000    120.000000
39    18    380.000000    120.000000
39    19    400.000000    120.000000
39    20    420.000000    120.000000
39    21    440.000000    120.000000
39    22    460.000000    120.000000
39    23    480.000000    120.000000
39    24    500.000000    120.000000
39    25    520.000000    120.000000
39    26    540.000000    120.000000
39    27    560.000000    120.000000
39    28    580.000000    120.000000
39    29    600.000000    120.000000
39    30    620.000000    120.000000
39    31    640.000000    120.000000
39    32    660.000000    120.000000
39    33    680.000000    120.000000
39    34    700.000000    120.000000
39    35    720.000000    120.000000
39    36    740.000000    120.000000
39    37    760.000000    120.000000
39    38    780.000000    120.000000
39    39    800.000000    120.000000
39    40    820.000000    120.000000
39    41    840.000000    120.000000
39    42    860.000000    120.000000
39    43    880.000000    120.000000
39    44    900.000000    120.000000
39    45    920.000000    120.000000
39    46    940.000000    120.000000
39    47    960.000000    120.000000
39    48    980.000000    120.000000
39    49    1000.000000    120.000000
39    50    1020.000000    120.000000
39    51    1040.000000    120.000000
40    1    40.000000    120.000000
40    2    60.000000    120.000000
40    3    80.000000    120.000000
40    4    100.000000    120.000000
40    5    120.000000    120.000000
40    6    140.000000    120.000000
40    7    160.000000    120.000000
40    8    180.000000    120.000000
40    9    200.000000    120.000000
40    10    220.000000    120.000000
40    11    240.000000    120.000000
40    12    260.000000    120.000000
40    13    280.000000    120.000000
40    14    300.000000    120.000000
40    15    320.000000    120.000000
40    16    340.000000    120.000000
40    17    360.000000    120.000000
40    18    380.000000    120.000000
40    19    400.000000    120.000000
40    20    420.000000    120.000000
40    21    440.000000    120.000000
40    22    460.000000    120.000000
40    23    480.000000    120.000000
40    24    500.000000    120.000000
40    25    520.000000    120.000000
40    26    540.000000    120.000000
40    27    560.000000    120.000000
40    28    580.000000    120.000000
40    29    600.000000    120.000000
40    30    620.000000    120.000000
40    31    640.000000    120.000000
40    32    660.000000    120.000000
40    33    680.000000    120.000000
40    34    700.000000    120.000000
40    35    720.000000    120.000000
40    36    740.000000    120.000000
40    37    760.000000    120.000000
40    38    780.000000    120.000000
40    39    800.000000    120.000000
40    40    820.000000    120.000000
40    41    840.000000    120.000000
40    42    860.000000    120.000000
40    43    880.000000    120.000000
40    44    900.000000    120.000000
40    45    920.000000    120.000000
40    46    940.000000    120.000000
40    47    960.000000    120.000000
40    48    980.000000    120.000000
40    49    1000.000000    120.000000
40    50    1020.000000    120.000000
40    51    1040.000000    120.000000
41    1    40.000000    120.000000
41    2    60.000000    120.000000
41    3    80.000000    120.000000
41    4    100.000000    120.000000
41    5    120.000000    120.000000
41    6    140.000000    120.000000
41    7    160.000000    120.000000
41    8    180.000000    120.000000
41    9    200.000000    120.000000
41    10    220.000000    120.000000
41    11    240.000000    120.000000
41    12    260.000000    120.000000
41    13    280.000000    120.000000
41    14    300.000000    120.000000
41    15    320.000000    120.000000
41    16    340.000000    120.000000
41    17    360.000000    120.000000
41    18    380.000000    120.000000
41    19    400.000000    120.000000
41    20    420.000000    120.000000
41    21    440.000000    120.000000
41    22    460.000000    120.000000
41    23    480.000000    120.000000
41    24    500.000000    120.000000
41    25    520.000000    120.000000
41    26    540.000000    120.000000
41    27    560.000000    120.000000
41    28    580.000000    120.000000
41    29    600.000000    120.000000
41    30    620.000000    120.000000
41    31    640.000000    120.000000
41    32    660.000000    120.000000
41    33    680.000000    120.000000
41    34    700.000000    120.000000
41    35    720.000000    120.000000
41    36    740.000000    120.000000
41    37    760.000000    120.000000
41    38    780.000000    120.000000
41    39    800.000000    120.000000
41    40    820.000000    120.000000
41    41    840.000000    120.000000
41    42    860.000000    120.000000
41    43    880.000000    120.000000
41    44    900.000000    120.000000
41    45    920.000000    120.000000
41    46    940.000000    120.000000
41    47    960.000000    120.000000
41    48    980.000000    120.000000
41    49    1000.000000    120.000000
41    50    1020.000000    120.000000
41    51    1040.000000    120.000000
42    1    40.000000    120.000000
42    2    60.000000    120.000000
42    3    80.000000    120.000000
42    4    100.000000    120.000000
42    5    120.000000    120.000000
42    6    140.000000    120.000000
42    7    160.000000    120.000000
42    8    180.000000    120.000000
42    9    200.000000    120.000000
42    10    220.000000    120.000000
42    11    240.000000    120.000000
42    12    260.000000    120.000000
42    13    280.000000    120.000000
42    14    300.000000    120.000000
42    15    320.000000    120.000000
42    16    340.000000    120.000000
42    17    360.000000    120.000000
42    18    380.000000    120.000000
42    19    400.000000    120.000000
42    20    420.000000    120.000000
42    21    440.000000    120.000000
42    22    460.000000    120.000000
42    23    480.000000    120.000000
42    24    500.000000    120.000000
42    25    520.000000    120.000000
42    26    540.000000    120.000000
42    27    560.000000    120.000000
42    28    580.000000    120.000000
42    29    600.000000    120.000000
42    30    620.000000    120.000000
42    31    640.000000    120.000000
42    32    660.000000    120.000000
42    33    680.000000    120.000000
42    34    700.000000    120.000000
42    35    720.000000    120.000000
42    36    740.000000    120.000000
42    37    760.000000    120.000000
42    38    780.000000    120.000000
42    39    800.000000    120.000000
42    40    820.000000    120.000000
42    41    840.000000    120.000000
42    42    860.000000    120.000000
42    43    880.000000    120.000000
42    44    900.000000    120.000000
42    45    920.000000    120.000000
42    46    940.000000    120.000000
42    47    960.000000    120.000000
42    48    980.000000    120.000000
42    49    1000.000000    120.000000
42    50    1020.000000    120.000000
42    51    1040.000000    120.000000
43    1    40.000000    120.000000
43    2    60.000000    120.000000
43    3    80.000000    120.000000
43    4    100.000000    120.000000
43    5    120.000000    120.000000
43    6    140.000000    120.000000
43    7    160.000000    120.000000
43    8    180.000000    120.000000
43    9    200.000000    120.000000
43    10    220.000000    120.000000
43    11    240.000000    120.000000
43    12    260.000000    120.000000
43    13    280.000000    120.000000
43    14    300.000000    120.000000
43    15    320.000000    120.000000
43    16    340.000000    120.000000
43    17    360.000000    120.000000
43    18    380.000000    120.000000
43    19    400.000000    120.000000
43    20    420.000000    120.000000
43    21    440.000000    120.000000
43    22    460.000000    120.000000
43    23    480.000000    120.000000
43    24    500.000000    120.000000
43    25    520.000000    120.000000
43    26    540.000000    120.000000
43    27    560.000000    120.000000
43    28    580.000000    120.000000
43    29    600.000000    120.000000
43    30    620.000000    120.000000
43    31    640.000000    120.000000
43    32    660.000000    120.000000
43    33    680.000000    120.000000
43    34    700.000000    120.000000
43    35    720.000000    120.000000
43    36    740.000000    120.000000
43    37    760.000000    120.000000
43    38    780.000000    120.000000
43    39    800.000000    120.000000
43    40    820.000000    120.000000
43    41    840.000000    120.000000
43    42    860.000000    120.000000
43    43    880.000000    120.000000
43    44    900.000000    120.000000
43    45    920.000000    120.000000
43    46    940.000000    120.000000
43    47    960.000000    120.000000
43    48    980.000000    120.000000
43    49    1000.000000    120.000000
43    50    1020.000000    120.000000
43    51    1040.000000    120.000000
44    1    40.000000    120.000000
44    2    60.000000    120.000000
44    3    80.000000    120.000000
44    4    100.000000    120.000000
44    5    120.000000    120.000000
44    6    140.000000    120.000000
44    7    160.000000    120.000000
44    8    180.000000    120.000000
44    9    200.000000    120.000000
44    10    220.000000    120.000000
44    11    240.000000    120.000000
44    12    260.000000    120.000000
44    13    280.000000    120.000000
44    14    300.000000    120.000000
44    15    320.000000    120.000000
44    16    340.000000    120.000000
44    17    360.000000    120.000000
44    18    380.000000    120.000000
44    19    400.000000    120.000000
44    20    420.000000    120.000000
44    21    440.000000    120.000000
44    22    460.000000    120.000000
44    23    480.000000    120.000000
44    24    500.000000    120.000000
44    25    520.000000    120.000000
44    26    540.000000    120.000000
44    27    560.000000    120.000000
44    28    580.000000    120.000000
44    29    600.000000    120.000000
44    30    620.000000    120.000000
44    31    640.000000    120.000000
44    32    660.000000    120.000000
44    33    680.000000    120.000000
44    34    700.000000    120.000000
44    35    720.000000    120.000000
44    36    740.000000    120.000000
44    37    760.000000    120.000000
44    38    780.000000    120.000000
44    39    800.000000    120.000000
44    40    820.000000    120.000000
44    41    840.000000    120.000000
44    42    860.000000    120.000000
44    43    880.000000    120.000000
44    44    900.000000    120.000000
44    45    920.000000    120.000000
44    46    940.000000    120.000000
44    47    960.000000    120.000000
44    48    980.000000    120.000000
44    49    1000.000000    120.000000
44    50    1020.000000    120.000000
44    51    1040.000000    120.000000
45    1    40.000000    120.000000
45    2    60.000000    120.000000
45    3    80.000000    120.000000
45    4    100.000000    120.000000
45    5    120.000000    120.000000
45    6    140.000000    120.000000
45    7    160.000000    120.000000
45    8    180.000000    120.000000
45    9    200.000000    120.000000
45    10    220.000000    120.000000
45    11    240.000000    120.000000
45    12    260.000000    120.000000
45    13    280.000000    120.000000
45    14    300.000000    120.000000
45    15    320.000000    120.000000
45    16    340.000000    120.000000
45    17    360.000000    120.000000
45    18    380.000000    120.000000
45    19    400.000000    120.000000
45    20    420.000000    120.000000
45    21    440.000000    120.000000
45    22    460.000000    120.000000
45    23    480.000000    120.000000
45    24    500.000000    120.000000
45    25    520.000000    120.000000
45    26    540.000000    120.000000
45    27    560.000000    120.000000
45    28    580.000000    120.000000
45    29    600.000000    120.000000
45    30    620.000000    120.000000
45    31    640.000000    120.000000
45    32    660.000000    120.000000
45    33    680.000000    120.000000
45    34    700.000000    120.000000
45    35    720.000000    120.000000
45    36    740.000000    120.000000
45    37    760.000000    120.000000
45    38    780.000000    120.000000
45    39    800.000000    120.000000
45    40    820.000000    120.000000
45    41    840.000000    120.000000
45    42    860.000000    120.000000
45    43    880.000000    120.000000
45    44    900.000000    120.000000
45    45    920.000000    120.000000
45    46    940.000000    120.000000
45    47    960.000000    120.000000
45    48    980.000000    120.000000
45    49    1000.000000    120.000000
45    50    1020.000000    120.000000
45    51    1040.000000    120.000000
46    1    40.000000    120.000000
46    2    60.000000    120.000000
46    3    80.000000    120.000000
46    4    100.000000    120.000000
46    5    120.000000    120.000000
46    6    140.000000    120.000000
46    7    160.000000    120.000000
46    8    180.000000    120.000000
46    9    200.000000    120.000000
46    10    220.000000    120.000000
46    11    240.000000    120.000000
46    12    260.000000    120.000000
46    13    280.000000    120.000000
46    14    300.000000    120.000000
46    15    320.000000    120.000000
46    16    340.000000    120.000000
46    17    360.000000    120.000000
46    18    380.000000    120.000000
46    19    400.000000    120.000000
46    20    420.000000    120.000000
46    21    440.000000    120.000000
46    22    460.000000    120.000000
46    23    480.000000    120.000000
46    24    500.000000    120.000000
46    25    520.000000    120.000000
46    26    540.000000    120.000000
46    27    560.000000    120.000000
46    28    580.000000    120.000000
46    29    600.000000    120.000000
46    30    620.000000    120.000000
46    31    640.000000    120.000000
46    32    660.000000    120.000000
46    33    680.000000    120.000000
46    34    700.000000    120.000000
46    35    720.000000    120.000000
46    36    740.000000    120.000000
46    37    760.000000    120.000000
46    38    780.000000    120.000000
46    39    800.000000    120.000000
46    40    820.000000    120.000000
46    41    840.000000    120.000000
46    42    860.000000    120.000000
46    43    880.000000    120.000000
46    44    900.000000    120.000000
46    45    920.000000    120.000000
46    46    940.000000    120.000000
46    47    960.000000    120.000000
46    48    980.000000    120.000000
46    49    1000.000000    120.000000
46    50    1020.000000    120.000000
46    51    1040.000000    120.000000
47    1    40.000000    120.000000
47    2    60.000000    120.000000
47    3    80.000000    120.000000
47    4    100.000000    120.000000
47    5    120.000000    120.000000
47    6    140.000000    120.000000
47    7    160.000000    120.000000
47    8    180.000000    120.000000
47    9    200.000000    120.000000
47    10    220.000000    120.000000
47    11    240.000000    120.000000
47    12    260.000000    120.000000
47    13    280.000000    120.000000
47    14    300.000000    120.000000
47    15    320.000000    120.000000
47    16    340.000000    120.000000
47    17    360.000000    120.000000
47    18    380.000000    120.000000
47    19    400.000000    120.000000
47    20    420.000000    120.000000
47    21    440.000000    120.000000
47    22    460.000000    120.000000
47    23    480.000000    120.000000
47    24    500.000000    120.000000
47    25    520.000000    120.000000
47    26    540.000000    120.000000
47    27    560.000000    120.000000
47    28    580.000000    120.000000
47    29    600.000000    120.000000
47    30    620.000000    120.000000
47    31    640.000000    120.000000
47    32    660.000000    120.000000
47    33    680.000000    120.000000
47    34    700.000000    120.000000
47    35    720.000000    120.000000
47    36    740.000000    120.000000
47    37    760.000000    120.000000
47    38    780.000000    120.000000
47    39    800.000000    120.000000
47    40    820.000000    120.000000
47    41    840.000000    120.000000
47    42    860.000000    120.000000
47    43    880.000000    120.000000
47    44    900.000000    120.000000
47    45    920.000000    120.000000
47    46    940.000000    120.000000
47    47    960.000000    120.000000
47    48    980.000000    120.000000
47    49    1000.000000    120.000000
47    50    1020.000000    120.000000
47    51    1040.000000    120.000000
48    1    40.000000    120.000000
48    2    60.000000    120.000000
48    3    80.000000    120.000000
48    4    100.000000    120.000000
48    5    120.000000    120.000000
48    6    140.000000    120.000000
48    7    160.000000    120.000000
48    8    180.000000    120.000000
48    9    200.000000    120.000000
48    10    220.000000    120.000000
48    11    240.000000    120.000000
48    12    260.000000    120.000000
48    13    280.000000    120.000000
48    14    300.000000    120.000000
48    15    320.000000    120.000000
48    16    340.000000    120.000000
48    17    360.000000    120.000000
48    18    380.000000    120.000000
48    19    400.000000    120.000000
48    20    420.000000    120.000000
48    21    440.000000    120.000000
48    22    460.000000    120.000000
48    23    480.000000    120.000000
48    24    500.000000    120.000000
48    25    520.000000    120.000000
48    26    540.000000    120.000000
48    27    560.000000    120.000000
48    28    580.000000    120.000000
48    29    600.000000    120.000000
48    30    620.000000    120.000000
48    31    640.000000    120.000000
48    32    660.000000    120.000000
48    33    680.000000    120.000000
48    34    700.000000    120.000000
48    35    720.000000    120.000000
48    36    740.000000    120.000000
48    37    760.000000    120.000000
48    38    780.000000    120.000000
48    39    800.000000    120.000000
48    40    820.000000    120.000000
48    41    840.000000    120.000000
48    42    860.000000    120.000000
48    43    880.000000    120.000000
48    44    900.000000    120.000000
48    45    920.000000    120.000000
48    46    940.000000    120.000000
48    47    960.000000    120.000000
48    48    980.000000    120.000000
48    49    1000.000000    120.000000
48    50    1020.000000    120.000000
48    51    1040.000000    120.000000
49    1    40.000000    120.000000
49    2    60.000000    120.000000
49    3    80.000000    120.000000
49    4    100.000000    120.000000
49    5    120.000000    120.000000
49    6    140.000000    120.000000
49    7    160.000000    120.000000
49    8    180.000000    120.000000
49    9    200.000000    120.000000
49    10    220.000000    120.000000
49    11    240.000000    120.000000
49    12    260.000000    120.000000
49    13    280.000000    120.000000
49    14    300.000000    120.000000
49    15    320.000000    120.000000
49    16    340.000000    120.000000
49    17    360.000000    120.000000
49    18    380.000000    120.000000
49    19    400.000000    120.000000
49    20    420.000000    120.000000
49    21    440.000000    120.000000
49    22    460.000000    120.000000
49    23    480.000000    120.000000
49    24    500.000000    120.000000
49    25    520.000000    120.000000
49    26    540.000000    120.000000
49    27    560.000000    120.000000
49    28    580.000000    120.000000
49    29    600.000000    120.000000
49    30    620.000000    120.000000
49    31    640.000000    120.000000
49    32    660.000000    120.000000
49    33    680.000000    120.000000
49    34    700.000000    120.000000
49    35    720.000000    120.000000
49    36    740.000000    120.000000
49    37    760.000000    120.000000
49    38    780.000000    120.000000
49    39    800.000000    120.000000
49    40    820.000000    120.000000
49    41    840.000000    120.000000
49    42    860.000000    120.000000
49    43    880.000000    120.000000
49    44    900.000000    120.000000
49    45    920.000000    120.000000
49    46    940.000000    120.000000
49    47    960.000000    120.000000
49    48    980.000000    120.000000
49    49    1000.000000    120.000000
49    50    1020.000000    120.000000
49    51    1040.000000    120.000000
50    1    40.000000    120.000000
50    2    60.000000    120.000000
50    3    80.000000    120.000000
50    4    100.000000    120.000000
50    5    120.000000    120.000000
50    6    140.000000    120.000000
50    7    160.000000    120.000000
50    8    180.000000    120.000000
50    9    200.000000    120.000000
50    10    220.000000    120.000000
50    11    240.000000    120.000000
50    12    260.000000    120.000000
50    13    280.000000    120.000000
50    14    300.000000    120.000000
50    15    320.000000    120.000000
50    16    340.000000    120.000000
50    17    360.000000    120.000000
50    18    380.000000    120.000000
50    19    400.000000    120.000000
50    20    420.000000    120.000000
50    21    440.000000    120.000000
50    22    460.000000    120.000000
50    23    480.000000    120.000000
50    24    500.000000    120.000000
50    25    520.000000    120.000000
50    26    540.000000    120.000000
50    27    560.000000    120.000000
50    28    580.000000    120.000000
50    29    600.000000    120.000000
50    30    620.000000    120.000000
50    31    640.000000    120.000000
50    32    660.000000    120.000000
50    33    680.000000    120.000000
50    34    700.000000    120.000000
50    35    720.000000    120.000000
50    36    740.000000    120.000000
50    37    760.000000    120.000000
50    38    780.000000    120.000000
50    39    800.000000    120.000000
50    40    820.000000    120.000000
50    41    840.000000    120.000000
50    42    860.000000    120.000000
50    43    880.000000    120.000000
50    44    900.000000    120.000000
50    45    920.000000    120.000000
50    46    940.000000    120.000000
50    47    960.000000    120.000000
50    48    980.000000    120.000000
50    49    1000.000000    120.000000
50    50    1020.000000    120.000000
50    51    1040.000000    120.000000
51    1    40.000000    120.000000
51    2    60.000000    120.000000
51    3    80.000000    120.000000
51    4    100.000000    120.000000
51    5    120.000000    120.000000
51    6    140.000000    120.000000
51    7    160.000000    120.000000
51    8    180.000000    120.000000
51    9    200.000000    120.000000
51    10    220.000000    120.000000
51    11    240.000000    120.000000
51    12    260.000000    120.000000
51    13    280.000000    120.000000
51    14    300.000000    120.000000
51    15    320.000000    120.000000
51    16    340.000000    120.000000
51    17    360.000000    120.000000
51    18    380.000000    120.000000
51    19    400.000000    120.000000
51    20    420.000000    120.000000
51    21    440.000000    120.000000
51    22    460.000000    120.000000
51    23    480.000000    120.000000
51    24    500.000000    120.000000
51    25    520.000000    120.000000
51    26    540.000000    120.000000
51    27    560.000000    120.000000
51    28    580.000000    120.000000
51    29    600.000000    120.000000
51    30    620.000000    120.000000
51    31    640.000000    120.000000
51    32    660.000000    120.000000
51    33    680.000000    120.000000
51    34    700.000000    120.000000
51    35    720.000000    120.000000
51    36    740.000000    120.000000
51    37    760.000000    120.000000
51    38    780.000000    120.000000
51    39    800.000000    120.000000
51    40    820.000000    120.000000
51    41    840.000000    120.000000
51    42    860.000000    120.000000
51    43    880.000000    120.000000
51    44    900.000000    120.000000
51    45    920.000000    120.000000
51    46    940.000000    120.000000
51    47    960.000000    120.000000
51    48    980.000000    120.000000
51    49    1000.000000    120.000000
51    50    1020.000000    120.000000
51    51    1040.000000    120.000000
52    1    40.000000    120.000000
52    2    60.000000    120.000000
52    3    80.000000    120.000000
52    4    100.000000    120.000000
52    5    120.000000    120.000000
52    6    140.000000    120.000000
52    7    160.000000    120.000000
52    8    180.000000    120.000000
52    9    200.000000    120.000000
52    10    220.000000    120.000000
52    11    240.000000    120.000000
52    12    260.000000    120.000000
52    13    280.000000    120.000000
52    14    300.000000    120.000000
52    15    320.000000    120.000000
52    16    340.000000    120.000000
52    17    360.000000    120.000000
52    18    380.000000    120.000000
52    19    400.000000    120.000000
52    20    420.000000    120.000000
52    21    440.000000    120.000000
52    22    460.000000    120.000000
52    23    480.000000    120.000000
52    24    500.000000    120.000000
52    25    520.000000    120.000000
52    26    540.000000    120.000000
52    27    560.000000    120.000000
52    28    580.000000    120.000000
52    29    600.000000    120.000000
52    30    620.000000    120.000000
52    31    640.000000    120.000000
52    32    660.000000    120.000000
52    33    680.000000    120.000000
52    34    700.000000    120.000000
52    35    720.000000    120.000000
52    36    740.000000    120.000000
52    37    760.000000    120.000000
52    38    780.000000    120.000000
52    39    800.000000    120.000000
52    40    820.000000    120.000000
52    41    840.000000    120.000000
52    42    860.000000    120.000000
52    43    880.000000    120.000000
52    44    900.000000    120.000000
52    45    920.000000    120.000000
52    46    940.000000    120.000000
52    47    960.000000    120.000000
52    48    980.000000    120.000000
52    49    1000.000000    120.000000
52    50    1020.000000    120.000000
52    51    1040.000000    120.000000
53    1    40.000000    120.000000
53    2    60.000000    120.000000
53    3    80.000000    120.000000
53    4    100.000000    120.000000
53    5    120.000000    120.000000
53    6    140.000000    120.000000
53    7    160.000000    120.000000
53    8    180.000000    120.000000
53    9    200.000000    120.000000
53    10    220.000000    120.000000
53    11    240.000000    120.000000
53    12    260.000000    120.000000
53    13    280.000000    120.000000
53    14    300.000000    120.000000
53    15    320.000000    120.000000
53    16    340.000000    120.000000
53    17    360.000000    120.000000
53    18    380.000000    120.000000
53    19    400.000000    120.000000
53    20    420.000000    120.000000
53    21    440.000000    120.000000
53    22    460.000000    120.000000
53    23    480.000000    120.000000
53    24    500.000000    120.000000
53    25    520.000000    120.000000
53    26    540.000000    120.000000
53    27    560.000000    120.000000
53    28    580.000000    120.000000
53    29    600.000000    120.000000
53    30    620.000000    120.000000
53    31    640.000000    120.000000
53    32    660.000000    120.000000
53    33    680.000000    120.000000
53    34    700.000000    120.000000
53    35    720.000000    120.000000
53    36    740.000000    120.000000
53    37    760.000000    120.000000
53    38    780.000000    120.000000
53    39    800.000000    120.000000
53    40    820.000000    120.000000
53    41    840.000000    120.000000
53    42    860.000000    120.000000
53    43    880.000000    120.000000
53    44    900.000000    120.000000
53    45    920.000000    120.000000
53    46    940.000000    120.000000
53    47    960.000000    120.000000
53    48    980.000000    120.000000
53    49    1000.000000    120.000000
53    50    1020.000000    120.000000
53    51    1040.000000    120.000000
