1    20.000000    20.000000
2    40.000000    20.000000
3    60.000000    20.000000
4    80.000000    20.000000
5    100.000000    20.000000
6    120.000000    20.000000
7    140.000000    20.000000
8    160.000000    20.000000
9    180.000000    20.000000
10    200.000000    20.000000
11    220.000000    20.000000
12    240.000000    20.000000
13    260.000000    20.000000
14    280.000000    20.000000
15    300.000000    20.000000
16    320.000000    20.000000
17    340.000000    20.000000
18    360.000000    20.000000
19    380.000000    20.000000
20    400.000000    20.000000
21    420.000000    20.000000
22    440.000000    20.000000
23    460.000000    20.000000
24    480.000000    20.000000
25    500.000000    20.000000
26    520.000000    20.000000
27    540.000000    20.000000
28    560.000000    20.000000
29    580.000000    20.000000
30    600.000000    20.000000
31    620.000000    20.000000
32    640.000000    20.000000
33    660.000000    20.000000
34    680.000000    20.000000
35    700.000000    20.000000
36    720.000000    20.000000
37    740.000000    20.000000
38    760.000000    20.000000
39    780.000000    20.000000
40    800.000000    20.000000
41    820.000000    20.000000
42    840.000000    20.000000
43    860.000000    20.000000
44    880.000000    20.000000
45    900.000000    20.000000
46    920.000000    20.000000
47    940.000000    20.000000
48    960.000000    20.000000
49    980.000000    20.000000
50    1000.000000    20.000000
51    1020.000000    20.000000
52    1040.000000    20.000000
53    1060.000000    20.000000
